4206 8007 1172 1440 3088 2393 3110 43965 6970 43965 32783 19680 1179 7685 12561 13433 15734 15734 26969 41896 41386 42688 42688 45422 42283 31877 14783 3129 28688 2522 41740 39205 2268 3606 5981 591 35072 615 2347 35072 2347 1705 7587 2146 2416 3677 1524 3892 4782 9652 14535 14001 7279 2483 6263 4232 1337 2223 215 4992 671 1839 741 1839 2856 1774 1632 636 2519 1492 1826 6296 5635 5588 6977 3490 5378 3164 2853 1463 1071 1767 1995 1871 2415 7666 233 2258 2201 4829 5963 2962 754 342 464 9067 5160 7638 1354 603 732

9652 2822 12949 1274 1850 4578 214 2768 528 913 1222 1822 2137 3343 3202 4882 3175 3166 562 3631 972 972 1577 1875 2343 2534 3067 3344 2963 670 2336 115 351 986 1983 2724 3746 4674 4502 1506 6233 5487 6201 922 1506 2476 3457 4061 4276 4749 5518 5568 5641 6132 206 5661 12561 13433 671 2573 734 25641 159 4126 3804 2235 2235 3804 1721 4674 2799 2377 4502 5284 6201 922 1506 2476 415 5487 4061 4276 4749 10294 11974 988 988 988 988 988 988 8323 2261 3632 3792 1851 3642 5641 3102 1532 16888

4891 444 415 13413 10089 16445 14724 14291 16133 13452 13218 14443 13308 14541 15035 16281 15976 15031 17697 14740 17552 13956 14838 16207 8822 502 1617 7839 2192 2822 777 4799 2773 4705 1521 4740 5230 1254 1713 2497 1795 4453 8218 233 4068 7310 1385 1349 1720 1385 66 647 1017 41386 2072 5681 647 1017 1068 1253 10496 1253 12842 12549 227 10496 732 9716 1183 1248 642 642 3990 642 4995 3573 7087 3524 3319 3023 55 55 5160 9766 109 5079 3917 6437 8007 1374 3804 6031 7260 5058 705 1440 2302 2569 3253 4089 4680

3632 1655 5731 4297 3994 7705 8145 7705 8145 3343 1902 0 2493 1289 3334 3275 659 2424 3739 7054 5789 529 6185 7490 3635 6852 5731 1854 1854 2037 2368 6868 2557 4799 1984 1864 10739 6985 2958 3306 1758 1795 2470 2628 3028 1809 2018 1907 3306 4206 4350 4293 3851 4995 4293 2596 2018 1184 1620 3586 3196 5563 5249 17803 5845 4521 6185 7490 3346 3749 2773 8157 4992 7951 2639 7983 771 3749 2301 4013 6492 6387 446 2311 5253 6387 5914 5253 4845 6803 251 4350 3024 1758 1795 2470 2628 5691 27116 7971 8697

4677 1534 634 5914 0 1359 1857 5230 5230 2884 6542 6813 3223 4578 6518 3415 2069 5789 4654 6508 3028 4330 4995 13123 7951 446 6803 3272 5347 111 269 653 1795 1969 2018 3851 6987 3306 1767 633 16018 1476 7090 3111 4068 195 884 968 3111 1370 1069 1283 1737 2955 2386 2955 3799 2410 647 1017 3690 12842 1152 813 2410 3080 3822 2953 633 9041 5577 8335 10496 8335 2322 9625 13248 13248 1084 2741 985 1326 1896 973 2911 1705 2127 629 14001 286 286 286 4232 4022 2483 4232 542 2593 1524 458 1921

747 2486 6069 2272 1188 1381 1863 2050 4186 5623 4929 4453 4220 3887 336 3213 2634 4096 2100 2634 2634 5067 4910 5975 4781 6425 2329 4456 1063 6217 8808 8808 3987 3372 4694 339 807 1035 10079 3822 1859 3319 1810 1909 1349 1747 2410 2410 2889 3241 2946 3129 3348 3080 3822 9652 6478 5595 5595 4093 13073 5261 6478 5595 2822 4093 6478 6963 6478 642 10953 1098 8099 973 16134 1606 2095 15279 745 5595 226 2420 2822 4388 2822 2822 24690 4752 642 4793 5261 1167 233 927 642 2065 3941 8846 8117 9368 10651

1896 1971 2459 12427 12568 2569 965 2465 9411 558 2741 5577 11247 12026 2741 4097 9763 813 671 5474 1668 4646 3132 3132 646 4992 567 7229 2423 4578 2056 9368 2056 233 2872 6970 9570 3753 2872 2972 4094 1668 5203 11608 2403 8099 8479 2465 2573 5839 581 1902 463 5299 2462 745 1484 2231 2872 342 1668 5160 5079 5079 259 1545 3132 3456 1606 2741 2403 3023 7260 7789 7260 7143 2443 11262 215 3446 1201 4022 1545 2741 3172 3253 3132 2368 4923 0 360 581 645 959 3835 599 4033 2578 2578 3560 650

8036 9663 729 647 1017 14783 32184 14783 2561 1253 1396 2569 2599 2544 2778 2642 2642 2642 2901 2639 3317 3251 3541 3895 4126 4130 4327 4435 4097 4351 4030 4891 4728 5078 5624 1586 2776 2585 4227 4393 85 196 315 460 784 1241 1184 1892 2210 4076 5896 4995 4729 4093 7103 665 167 5731 665 1588 4729 167 406 665 1228 5789 1399 13123 2902 3835 959 2044 2773 2773 2773 2773 8096 1854 6803 9669 2486 2465 6868 8096 3077 496 386 1654 2899 1654 3583 3024 3583 2480 3343 6257 7666 7666 4242 3288 6435

1350 217 9033 415 2127 718 424 6803 6023 3507 5171 2424 13915 14277 3223 3624 1386 3168 9467 11974 350 15792 13915 9467 10294 11974 5969 988 5378 216 636 7983 1844 1063 3586 529 2018 7490 1654 2899 3024 386 1024 690 161 386 690 828 5249 1233 653 3851 1809 6152 3749 2393 2424 21088 5100 7490 5563 14772 2596 8508 2767 1642 4105 3586 806 3749 1239 2582 2924 4497 4330 4910 4781 5031 2693 2924 807 3573 1871 12353 8487 9133 10079 1810 1385 3799 2410 3080 11514 633 55 1723 3104 4876 5963 8353 8771

1152 12770 45422 2897 13947 413 591 13947 65 591 13947 1797 591 42132 65 1729 32184 985 1958 1376 1729 1958 1896 2347 948 973 615 259 813 1705 2911 5851 8248 3619 286 973 6850 29075 4382 181 751 902 233 2872 2872 3753 3753 2955 42688 2072 1396 2741 2052 13317 215 1273 2887 4022 4855 5642 5048 1606 1333 1606 4022 2347 720 65 5642 5048 1797 4030 5639 65 176 413 591 720 985 1326 1376 1729 1958 1896 2347 948 973 615 259 813 1705 2911 5851 8248 3619 286 973 1910 3306 4382 181
