176 3213 1115 3566 3217 1115 3217 5111 12307 12157 11088 3338 1828 16228 2068 6389 774 6389 3020 1449 152 2868 1921 42 881 1051 774 1449 2072 4444 223 4730 2793 4730 5015 2907 2336 6351 1417 266 387 650 774 1449 1921 1722 2260 1805 2137 2572 2793 2174 1471 4033 3983 3906 3061 1951 4814 2364 223 176 557 513 456 649 964 1109 1956 979 2177 1635 1310 1737 2174 1191 2079 2495 3120 3243 3839 2973 3507 4303 4414 5161 2853 2884 3089 3144 3978 4176 4286 562 1857 3256 4596 5631 6435 6502 6215

3153 3651 4054 234 7827 4242 403 8936 7696 7827 8182 8540 8863 8810 9056 8950 8867 8787 8389 8481 8368 8197 8501 8196 7843 460 702 1157 1292 1426 3179 2418 4137 3664 3255 3469 3716 3768 3788 8312 9569 12105 5623 591 705 824 992 1230 1617 1956 2125 2313 2644 3208 3080 3186 3337 3549 4744 6024 6023 7199 2628 1138 2438 3177 8189 1428 8715 313 1051 7219 3215 1838 7135 268 1154 1922 2885 4003 4251 4904 5811 5986 6654 6000 327 870 2300 1501 1547 2008 3052 294 636 803 1005 1848 2127 3018 3624

4096 3598 5234 554 554 32175 7696 7827 1157 2455 3491 3397 558 705 2069 3697 70 4912 1923 1394 1195 529 5896 2838 8524 1656 4391 1195 2520 3303 3650 4474 851 875 0 1577 2007 0 2472 3467 973 671 1249 1455 1980 2748 8540 1542 2917 1542 2484 4391 6046 7647 7813 1406 2166 3926 5553 5890 0 1329 3169 5721 4242 746 2391 3746 4531 5278 5354 111 269 653 974 1048 1017 970 1001 1390 1635 1642 2097 2558 223 1195 2918 3467 973 705 739 873 2097 2558 2618 2362 2143 2124 2902 3187 4145

9889 1797 3104 2199 2793 2666 4338 12030 3059 1489 4330 13503 1755 14242 1044 223 224 42 776 3256 2793 2793 2174 1471 4033 3983 3906 3061 2364 2612 513 456 649 964 1956 3398 2793 2162 2907 1471 4033 3983 3906 3061 1951 4814 2364 223 176 557 513 456 649 964 1109 1956 979 2177 1635 1310 1737 2174 1191 2079 2495 3120 3243 3839 2973 3507 4303 4414 5161 2853 2884 3089 3144 3978 4176 4286 562 1857 3256 4596 5631 6435 6502 6215 6257 6435 7666 9454 9106 8831 8808 3334 1413 1876 2936 3649 4096

683 1136 875 553 0 1980 557 6046 5721 4242 7573 9106 10992 12981 14242 15038 19187 17559 17559 11443 3014 16718 12740 3893 3893 3204 3241 2286 265 302 377 2249 875 947 4323 378 3659 5859 378 1048 2286 265 302 377 414 229 974 1294 15493 1332 1332 2003 1236 1265 1293 1309 2419 2582 1951 1986 2021 2362 3772 2796 2831 2866 2271 438 1195 2918 3782 3967 234 776 601 1092 1963 1612 2067 1070 3248 1520 3216 2914 3491 3397 558 5060 4203 2774 401 662 403 944 1652 1877 3046 491 1389 2554 3641

365 9463 3786 2809 3067 3969 4076 4223 4087 5254 6702 6477 5883 7304 7059 8319 8445 8496 8648 8134 8543 10172 10110 11307 11517 10746 12445 14180 12571 14760 14378 15809 15747 14506 16645 18860 14536 2185 4242 5626 4157 3659 3879 4789 4015 5153 4730 5221 6962 5722 6468 6337 15038 19187 17559 5722 10919 11752 14068 1217 6547 9106 7731 7573 8752 13108 10992 13108 14242 15038 19187 17559 19317 11443 11322 11428 11534 11640 19445 16141 14804 8494 10373 13312 15464 20312 13826 17153 26060 7339 1358 9354 18640 26689 6066 6996 7110 6998 7157 5770 3124

557 2612 4334 863 1951 4203 1951 776 1520 1070 3248 2831 2866 1951 1486 1520 875 3213 776 1070 2618 8524 2831 529 2004 4683 3431 1077 112 9700 233 70 1073 12834 15493 23114 15277 16529 18651 29701 29157 35683 26060 3704 3817 4096 5048 5129 231 481 812 1203 1665 1992 468 554 1043 7339 231 481 468 554 554 3967 671 3705 4683 5352 231 3213 3433 3788 4215 3303 3433 223 562 1857 3256 4596 5631 1157 2345 3467 2098 9354 18640 26689 6066 6996 7110 6998 3967 234 671 705 1691 265 2305 2994 2215

4397 9463 3263 2319 482 2809 3067 2474 268 1404 2086 2474 3018 3730 2147 1901 1772 15795 1574 1123 1973 156 0 491 2068 2701 6051 6841 10543 10543 1399 9785 12201 9785 8297 556 686 2701 4019 5086 7357 9829 160 1709 2040 1182 3160 44119 16832 5416 4741 4684 2040 5416 2680 31075 42750 44119 43278 22887 1605 553 154 1249 12740 19187 11443 19187 11443 11322 3107 1077 2097 2305 10008 233 9106 414 461 621 896 1470 1923 2002 2423 3179 3717 4334 5025 5234 5896 2838 468 554 789 1280 1786 1674 2064 2665 3794

4104 260 685 1574 4730 2480 260 260 260 260 2480 260 260 156 156 4259 4519 4986 4689 2480 260 683 1220 1610 2366 3053 2775 4545 1877 156 1877 156 1317 1574 4251 2305 4323 10992 647 4242 10746 16645 14378 15809 15747 14506 2185 9259 12445 16645 8402 14378 14760 4278 11517 10746 18860 10746 14760 14180 12571 8658 11517 10746 14760 18860 2185 18860 5626 4157 6962 5722 22887 2334 3879 23114 1236 1265 1293 1309 3185 3463 1115 1157 1136 1194 2525 3185 2639 3659 1115 1157 1136 1194 2249 1486 1520 1554 1691 229 1486

1922 1674 215 8501 5883 8196 7843 460 702 1157 1292 1426 3179 2418 4137 3664 3255 3469 3716 3768 3788 8540 8648 8134 8543 10172 10110 11307 11517 10746 12445 14180 12571 14760 14378 15809 15747 14506 16645 18860 14536 2185 4242 5626 4157 3659 3879 4789 4015 5153 4730 5221 6962 5722 6468 6337 13463 19410 16718 12740 11174 10919 11752 14068 1217 6547 9106 7731 7573 8752 13108 10992 12981 14242 15038 19187 17559 19317 11443 11322 11428 11534 11640 19445 16141 14804 8494 10373 13312 15464 20312 13826 17153 26060 7339 1358 9354 18640 26689 6066 6996

2391 6456 16700 5278 229 2476 1309 4741 657 1289 5896 2257 1404 4060 567 5896 1404 1351 1392 2014 2143 2124 1279 2975 4786 3537 5630 5619 6810 5196 5033 7671 2872 5033 7671 3431 232 657 1406 5896 1011 2453 2349 6518 11988 14247 13936 15795 3223 6841 4332 10543 1489 2872 7356 2872 7356 2872 7356 2872 7356 9163 722 9163 722 9163 5619 9163 9163 1591 1399 1182 4332 9163 722 1591 1247 1593 1800 2334 3044 3019 3054 4034 2975 3497 3720 4138 4786 3628 3537 5630 5619 6810 5196 5033 7671 3431 232 657 1406

4785 1271 2002 1489 657 1011 4096 3701 3701 3701 8950 5047 5430 4223 5292 5292 5292 5292 5292 2002 1612 5883 3788 3255 7219 3215 1838 8950 8867 6187 4003 2510 0 1980 0 1329 1088 1769 4303 2868 55 2126 3213 2174 2973 1310 55 2126 557 1317 3334 5047 3334 6930 0 37 5506 9106 9106 6996 6257 6435 7666 1539 1800 2126 0 2343 647 1577 2007 0 529 3788 4215 3303 1004 1738 0 1157 1136 2661 3746 2497 16700 1236 15277 15493 23114 18651 29701 29157 35683 13915 18105 20256 22849 7282 14108 15206 17712

4259 4519 4986 4689 2480 260 683 1220 1610 2366 3053 2775 4545 1877 156 1317 1574 2510 2749 4452 3995 5437 5216 7630 6370 7363 5606 7695 8402 6802 10155 8707 11923 9649 10985 8297 11346 12201 9785 14476 556 686 2701 4019 5086 7357 9829 160 1709 2695 1813 2321 3160 2040 1497 2097 2831 231 2004 4683 5569 6456 9700 16700 13519 14862 16899 16832 18787 32337 31075 42750 44119 43278 22887 1605 2558 2711 3086 10008 12834 15493 23114 15277 16529 18651 29701 29157 35683 13915 14085 14878 32175 41756 45086 33014 2344 4054 7282 14108 15206

2300 2300 1501 1317 2751 1722 7945 1417 1116 1417 650 774 1449 1921 1722 2260 1805 2137 2572 2793 2174 1471 4033 3983 3906 3061 1951 4814 2364 223 176 557 513 456 649 964 1109 1956 979 2177 1635 1310 1737 2174 1191 2079 2495 3120 3243 3839 2973 3507 4303 4414 5161 2853 2884 3089 3144 3978 4176 4286 562 1857 3256 4596 5631 6435 6502 6215 6257 6435 7666 9454 9106 8831 8808 3334 1413 1876 2936 3649 4096 4640 5067 4882 4967 5326 6212 7525 7581 7053 7045 7198 2345 0 3517 4342 0 5068 5506

6435 2177 3179 3337 7033 8196 7843 460 702 1157 1292 1426 3179 2418 4137 3664 3255 3469 3716 3768 3788 8312 9569 12105 5623 591 705 824 992 1230 1617 1956 2125 2313 2644 3208 3080 3186 3337 3549 4744 6024 6023 7199 2628 1138 2438 3177 8189 1428 8715 313 1051 7219 3215 1838 7135 268 1154 1922 2885 4003 4251 4904 5811 5986 6654 6000 327 870 2300 1501 1547 2008 3052 294 636 803 1005 1848 2127 3018 3624 3597 3792 4798 4578 5635 6288 7013 7680 8402 7971 8658 8572 9259 9133 9663 9889 10496 11247

5546 4518 2917 4873 291 2336 3701 11088 3338 1828 1625 2068 6389 16228 19265 7945 8395 2577 7188 7718 3983 61 4730 291 291 415 2336 4092 11088 5067 3315 11088 8395 8395 3217 3217 2336 4076 1838 1838 3096 3877 774 1449 3730 3055 156 1317 1574 2510 2749 4452 3995 5437 5216 7630 6370 7363 5606 7695 8402 6802 10155 8707 11923 9649 5569 3160 12201 9649 10985 2831 7357 1709 2695 1813 328 2321 3160 2040 1497 2097 1456 232 2305 3652 181 12834 23114 23114 12834 15493 23114 15277 16529 18651 16529 23114 15277 16529 18651

5326 9056 3704 2002 5460 1051 2838 2184 550 3549 3208 3080 313 3337 2809 11057 1731 2674 3002 3087 4067 1749 2314 491 8496 8648 8134 8543 10172 1501 16718 12740 3333 265 2228 633 3241 3107 1923 2002 2130 1456 1115 2270 3705 2497 993 2069 5063 5278 1169 229 875 671 5060 1070 3248 1520 2796 2831 2021 3463 2271 438 1195 2918 3782 3967 234 776 601 1092 1963 1612 2067 1070 3248 1520 3216 2914 3491 3397 558 5060 4203 2774 401 662 403 944 1652 1877 3046 491 1389 2554 3641 2021 2362 4376 3490

774 6117 3598 1289 1195 2918 3782 3967 234 776 601 1092 1963 1612 2067 1070 3248 1520 3216 2914 3491 3397 558 5060 4203 2774 401 662 403 944 1652 1877 3046 491 1389 2554 3641 1289 529 2288 1945 552 2257 4060 775 2412 3818 6089 8524 13120 14766 774 1489 1678 2445 2723 3895 5145 5238 6094 5982 7764 8991 8997 11988 14247 13936 15795 3223 2349 6518 9333 6051 14797 6841 7356 10543 1399 2872 4332 9163 16074 9489 343 812 1016 1127 1591 1247 1593 1800 2334 3044 3019 3054 4034 2975 3497 3720 4138 4786

216 3640 693 746 1169 1169 3746 2542 3477 2271 829 2866 2271 438 1195 2918 3782 3967 234 776 601 1092 1963 1612 2067 1070 3248 1520 3216 2914 3491 3397 558 5060 4203 2774 401 662 403 944 1652 1877 3046 491 1389 2554 3641 1289 529 2288 1945 552 2257 4060 775 2412 3818 6089 8524 13120 14766 774 1489 1678 2445 2723 3895 5145 5238 6094 5982 7764 8991 8997 11988 14247 13936 15795 3223 2349 6518 9333 6051 14797 6841 7356 10543 1399 2872 4332 9163 16074 9489 343 812 1016 1127 1591 1247 1593 1800

1457 9463 3817 1506 1749 2314 491 8496 8648 8134 8543 10172 10110 11307 11517 10746 12445 14180 12571 14760 14378 15809 15747 14506 16645 18860 14536 2185 4242 5626 4157 3659 3879 4789 4015 5153 4730 5221 6962 5722 6468 6337 13463 19410 16718 12740 11174 10919 11752 14068 1217 6547 9106 7731 7573 8752 13108 10992 12981 14242 15038 19187 17559 19317 11443 11322 11428 11534 11640 19445 16141 14804 8494 10373 13312 15464 20312 13826 17153 26060 7339 1358 9354 18640 26689 6066 6996 7110 6998 7157 5770 3124 7033 6887 7189 4226 8821 6921 0 0 8936